[[0 0 0 0]
 [0 0 0 0]
 [0 0 0 0]
 [0 0 0 0]
 [0 0 0 0]
 [0 3 0 0]
 [0 3 0 0]
 [0 3 3 0]
 [0 0 3 0]
 [0 0 3 1]
 [0 0 0 1]
 [0 0 0 1]
 [3 0 0 0]
 [3 3 0 0]
 [0 3 0 0]
 [0 0 0 0]
 [0 0 0 0]
 [0 0 0 0]
 [0 0 0 0]
 [0 0 3 0]
 [0 0 3 0]
 [0 0 0 0]
 [0 0 0 0]
 [3 0 0 3]
 [0 0 0 0]
 [0 0 0 0]
 [0 0 0 0]
 [0 0 0 0]
 [0 0 0 0]
 [0 1 0 0]
 [0 1 0 0]
 [0 1 0 0]
 [0 0 1 4]
 [0 0 1 4]
 [0 0 0 4]
 [0 0 0 4]
 [4 0 0 4]
 [4 0 0 4]
 [4 0 0 4]
 [0 0 0 4]
 [0 0 0 0]
 [0 0 0 0]
 [0 0 0 0]
 [0 0 0 0]
 [0 0 0 0]
 [0 0 0 0]
 [0 0 0 0]
 [0 0 4 0]
 [0 0 4 0]
 [0 0 4 0]
 [0 0 4 0]
 [0 0 4 0]
 [0 0 4 0]
 [0 0 4 0]
 [0 0 4 0]
 [0 0 4 0]
 [0 0 4 0]
 [0 0 4 0]
 [0 0 4 0]
 [0 0 4 0]
 [0 0 4 0]
 [0 0 4 0]
 [0 0 0 0]
 [0 0 0 0]
 [0 0 0 0]
 [0 0 0 0]
 [0 0 0 0]
 [0 0 0 0]
 [0 0 0 0]
 [0 0 0 0]
 [0 0 0 0]
 [0 0 0 0]
 [0 0 0 0]
 [0 0 0 0]
 [0 0 0 0]
 [0 0 0 0]
 [0 0 0 0]
 [0 0 0 0]
 [0 4 0 0]
 [0 4 0 0]
 [0 4 0 0]
 [0 4 0 0]
 [0 4 0 0]
 [0 4 0 0]
 [0 4 0 0]
 [0 4 0 0]
 [0 4 0 0]
 [0 0 0 0]
 [0 0 0 0]
 [0 0 0 0]
 [0 0 0 0]
 [0 0 0 0]
 [0 0 0 0]
 [0 0 0 0]
 [0 0 0 0]
 [0 0 0 0]
 [0 0 0 0]
 [0 0 0 0]
 [0 0 0 0]
 [0 0 0 0]
 [0 0 0 0]
 [0 0 0 0]
 [0 0 0 0]
 [0 0 0 0]
 [0 0 0 0]
 [0 0 0 0]
 [0 0 0 0]
 [0 0 0 0]
 [0 0 0 0]
 [0 0 0 0]
 [0 0 0 0]
 [0 0 0 0]
 [0 0 0 0]
 [0 0 0 0]
 [0 0 0 0]
 [0 0 0 0]
 [0 0 0 0]
 [0 0 0 0]
 [0 0 0 0]
 [0 0 0 0]
 [0 0 0 0]
 [0 0 0 0]
 [0 0 0 0]
 [0 0 0 0]
 [0 0 0 0]
 [0 0 0 0]
 [0 0 0 0]
 [0 0 0 0]
 [0 0 0 0]
 [0 0 0 0]
 [0 0 0 0]
 [0 0 0 0]
 [0 0 0 0]
 [0 0 0 0]
 [0 0 0 0]
 [0 0 0 0]
 [0 0 0 0]
 [0 0 0 0]
 [0 0 0 0]
 [0 0 0 0]
 [0 0 0 0]
 [0 0 0 0]
 [0 0 0 0]
 [0 0 0 0]
 [0 0 0 0]
 [0 0 0 0]
 [0 0 0 0]
 [0 0 0 0]
 [0 0 0 0]
 [0 0 0 0]
 [0 0 0 0]
 [0 0 0 0]
 [0 0 0 0]
 [0 0 0 0]
 [0 0 0 0]
 [0 0 0 0]
 [0 0 0 0]
 [0 0 0 0]
 [0 0 0 0]
 [0 0 0 0]
 [0 0 0 0]
 [0 0 0 0]
 [0 0 0 0]
 [0 0 0 0]
 [0 0 0 0]
 [0 0 0 0]
 [0 0 0 0]
 [0 0 0 0]
 [0 0 0 0]
 [0 0 0 0]
 [0 0 0 0]
 [0 0 0 0]
 [0 0 0 0]
 [0 0 0 0]
 [0 0 0 0]
 [0 0 0 0]
 [0 0 0 0]
 [0 0 0 0]
 [0 0 0 0]
 [0 0 0 0]
 [0 0 0 0]
 [0 0 0 0]
 [0 0 0 0]
 [0 0 0 0]
 [0 0 0 0]
 [0 0 0 0]
 [0 0 0 0]
 [0 0 0 0]
 [0 0 0 0]
 [0 0 0 0]
 [0 0 0 0]
 [0 0 0 0]
 [0 0 0 0]
 [0 0 0 0]]
accuracy: 732 0.9432989690721649, error: 44 0.05670103092783505, omit: 0 0.0