[[0 0 0 0]
 [0 0 0 0]
 [0 0 0 0]
 [0 0 0 0]
 [0 0 0 0]
 [1 0 0 0]
 [1 0 0 0]
 [0 0 0 1]
 [0 0 0 0]
 [0 1 0 0]
 [0 0 0 0]
 [0 0 0 0]
 [0 0 0 0]
 [0 0 0 0]
 [1 0 0 0]
 [1 0 0 1]
 [0 0 0 1]
 [0 1 1 1]
 [0 1 0 0]
 [0 1 0 0]
 [0 0 0 0]
 [0 0 0 0]
 [0 0 0 0]
 [0 0 0 0]
 [0 0 0 0]
 [0 0 0 0]
 [0 0 1 0]
 [0 0 1 0]
 [1 0 1 0]
 [0 0 0 0]
 [0 0 0 0]
 [0 0 0 0]
 [0 0 0 0]
 [0 0 0 0]
 [0 0 0 0]
 [0 0 0 0]
 [0 0 0 0]
 [0 0 0 0]
 [0 1 0 0]
 [0 1 0 0]
 [0 1 0 0]
 [0 0 0 0]
 [0 0 0 0]
 [0 0 0 0]
 [0 0 0 0]
 [0 0 0 0]
 [0 0 0 0]
 [0 0 0 0]
 [0 0 0 0]
 [0 0 0 0]
 [0 0 0 0]
 [0 0 0 0]
 [0 0 0 0]
 [0 0 0 0]
 [0 0 0 0]
 [0 0 0 0]
 [0 0 0 0]
 [0 0 0 0]
 [0 0 0 0]
 [0 0 0 0]
 [0 0 0 0]
 [0 0 0 0]
 [0 0 0 0]
 [0 0 0 0]
 [0 0 0 0]
 [0 0 0 0]
 [0 0 0 0]
 [0 0 0 0]
 [0 0 0 0]
 [0 0 0 0]
 [0 0 0 0]
 [0 0 0 0]
 [0 0 0 0]
 [0 0 0 0]
 [0 0 0 0]
 [0 0 0 0]
 [0 0 0 0]
 [0 0 0 0]
 [0 0 0 0]
 [0 0 0 0]
 [0 0 0 0]
 [0 0 0 0]
 [0 0 0 0]
 [0 0 0 0]
 [0 0 0 0]
 [0 0 0 0]
 [0 0 0 0]
 [0 0 0 0]
 [0 0 0 0]
 [0 0 0 0]
 [0 0 0 0]
 [0 0 0 0]
 [0 0 0 0]
 [0 0 0 0]
 [0 0 0 0]
 [0 0 0 0]
 [0 0 0 0]
 [0 0 0 0]
 [0 0 0 0]
 [0 0 0 0]
 [0 0 0 0]
 [0 0 0 0]
 [0 0 0 0]
 [0 0 0 0]
 [0 0 0 0]
 [0 0 0 0]
 [0 0 0 0]
 [0 0 0 0]
 [0 0 0 0]
 [0 0 0 0]
 [0 0 0 0]
 [0 0 0 0]
 [0 0 0 0]
 [0 0 0 0]
 [0 0 0 0]
 [0 0 0 0]
 [0 0 0 0]
 [0 0 0 0]
 [0 0 0 0]
 [0 0 0 0]
 [0 0 0 0]
 [0 0 0 0]
 [0 0 0 0]
 [0 0 0 0]
 [0 0 0 0]
 [0 0 0 0]
 [0 0 0 0]
 [0 0 0 0]
 [0 0 0 0]
 [0 0 0 0]
 [0 0 0 0]
 [0 0 0 0]
 [0 0 0 0]
 [0 0 0 0]
 [0 0 0 0]
 [0 0 0 0]
 [0 0 0 0]
 [0 0 0 0]
 [0 0 0 0]
 [0 0 0 0]
 [0 0 0 0]
 [0 0 0 0]
 [0 0 0 0]
 [0 0 0 0]
 [0 0 0 0]
 [0 0 0 0]
 [0 0 0 0]
 [0 0 0 0]
 [0 0 0 0]
 [0 0 0 0]
 [0 0 0 0]
 [0 0 0 0]
 [0 0 0 0]
 [0 0 0 0]
 [0 0 0 0]
 [0 0 0 0]
 [0 0 0 0]
 [0 0 0 0]
 [0 0 0 0]
 [0 0 0 0]
 [0 0 0 0]
 [0 0 0 0]
 [0 0 0 0]
 [0 0 0 0]
 [0 0 0 0]
 [0 0 0 0]
 [0 0 0 0]
 [0 0 0 0]
 [0 0 0 0]
 [0 0 0 0]
 [0 0 0 0]
 [0 0 0 0]
 [0 0 0 0]
 [0 0 0 0]
 [0 0 0 0]
 [0 0 0 0]
 [0 0 0 0]
 [0 0 0 0]
 [0 0 0 0]
 [0 0 0 0]
 [0 0 0 0]
 [0 0 0 0]
 [0 0 0 0]
 [0 0 0 0]
 [0 0 0 0]
 [0 0 0 0]
 [0 0 0 0]
 [0 0 0 0]
 [0 0 0 0]
 [0 0 0 0]
 [0 0 0 0]
 [0 0 0 0]
 [0 0 0 0]
 [0 0 0 0]]accuracy: 0.9987113402061856, error: 0.001288659793814433, omit: 0.0
