monitors are: ['169', '204', '275'], output(single monitor, sequence day,  sequence monitor)
{[(0, 0, 0), (0, 0, 0), (0, 0, 0)], [(0, 0, 0), (0, 0, 0), (0, 0, 0)], [(0, 0, 0), (0, 0, 0), (0, 0, 0)], [(0, 0, 0), (0, 0, 0), (0, 0, 0)]}
{[(0, 0, 0), (0, 0, 0), (0, 0, 0)], [(0, 0, 0), (0, 0, 0), (0, 0, 0)], [(0, 0, 0), (0, 0, 0), (0, 0, 0)], [(0, 0, 0), (0, 0, 0), (0, 0, 0)]}
{[(0, 0, 0), (0, 0, 0), (0, 0, 0)], [(0, 0, 0), (0, 0, 0), (0, 0, 0)], [(0, 0, 0), (0, 0, 0), (0, 0, 0)], [(0, 0, 0), (0, 0, 0), (0, 0, 0)]}
{[(0, 0, 0), (0, 0, 0), (0, 0, 0)], [(0, 0, 0), (0, 0, 0), (0, 0, 0)], [(0, 0, 0), (0, 0, 0), (0, 0, 0)], [(0, 0, 0), (0, 0, 0), (0, 0, 0)]}
{[(0, 0, 0), (0, 0, 0), (0, 0, 0)], [(0, 0, 0), (0, 0, 0), (0, 0, 0)], [(0, 0, 0), (0, 0, 0), (0, 0, 0)], [(0, 0, 0), (0, 0, 0), (0, 0, 0)]}
{[(0, 0, 0), (0, 0, 0), (0, 0, 0)], [(0, 0, 0), (0, 0, 0), (0, 0, 0)], [(0, 0, 0), (0, 0, 0), (0, 0, 0)], [(0, 0, 0), (0, 0, 0), (0, 0, 0)]}
{[(0, 0, 0), (0, 0, 0), (0, 0, 0)], [(0, 0, 0), (0, 0, 0), (0, 0, 0)], [(0, 0, 0), (0, 0, 0), (0, 0, 0)], [(0, 0, 0), (0, 0, 0), (0, 0, 0)]}
{[(0, 0, 0), (0, 0, 0), (0, 0, 0)], [(0, 0, 0), (0, 0, 0), (0, 0, 0)], [(0, 0, 0), (0, 0, 0), (0, 0, 0)], [(0, 0, 0), (0, 0, 0), (0, 0, 0)]}
{[(0, 1, 0), (0, 1, 0), (0, 1, 0)], [(0, 1, 0), (0, 1, 0), (0, 1, 0)], [(0, 1, 1), (0, 1, 2), (0, 1, 1)], [(-1, -1, -1), (-1, -1, -1), (-1, -1, -1)]}
{[(0, 1, 0), (0, 1, 0), (0, 1, 0)], [(0, 1, 0), (0, 1, 0), (0, 1, 0)], [(0, 1, 2), (1, 1, 2), (0, 1, 2)], [(-1, -1, -1), (-1, -1, -1), (-1, -1, -1)]}
{[(0, 1, 1), (0, 1, 1), (0, 1, 2)], [(0, 1, 1), (0, 1, 1), (0, 1, 2)], [(0, 1, 2), (1, 1, 2), (0, 1, 2)], [(0, 0, -1), (0, 0, -1), (0, 0, -1)]}
{[(0, 1, 0), (0, 1, 0), (0, 1, 0)], [(0, 1, 0), (0, 1, 0), (0, 1, 0)], [(0, 1, 2), (1, 1, 2), (0, 1, 2)], [(0, 0, -1), (0, 0, -1), (0, 0, -1)]}
{[(0, 1, 1), (0, 1, 1), (0, 1, 0)], [(0, 1, 1), (0, 1, 1), (0, 1, 0)], [(0, 1, 1), (1, 1, 1), (0, 1, 0)], [(0, 0, -1), (0, 0, -1), (0, 0, -1)]}
{[(0, 1, 1), (0, 1, 1), (0, 1, 0)], [(0, 1, 1), (0, 1, 1), (0, 1, 0)], [(0, 1, 1), (0, 1, 1), (0, 1, 0)], [(0, 0, 0), (0, 0, 0), (0, 0, 0)]}
{[(0, 0, 0), (0, 0, 0), (0, 0, 0)], [(0, 0, 0), (0, 0, 0), (0, 0, 0)], [(0, 1, 0), (0, 1, 0), (0, 1, 0)], [(0, 0, 0), (0, 0, 0), (0, 0, 0)]}
{[(0, 0, 0), (0, 0, 0), (0, 0, 0)], [(0, 0, 0), (0, 0, 0), (0, 0, 0)], [(0, 1, 0), (0, 1, 0), (0, 1, 0)], [(0, 0, 0), (0, 0, 0), (0, 0, 0)]}
{[(0, 0, 0), (0, 0, 0), (0, 0, 0)], [(0, 0, 0), (0, 0, 0), (0, 0, 0)], [(0, 1, 2), (0, 1, 2), (0, 1, 2)], [(0, 0, 0), (0, 0, 0), (0, 0, 0)]}
{[(0, 0, 0), (0, 0, 0), (0, 0, 0)], [(0, 0, 0), (0, 0, 0), (0, 0, 0)], [(0, 0, 0), (0, 0, 0), (0, 0, 0)], [(0, 0, 0), (0, 0, 0), (0, 0, 0)]}
{[(0, 0, 0), (0, 0, 0), (0, 0, 0)], [(0, 0, 0), (0, 0, 0), (0, 0, 0)], [(0, 0, 0), (0, 0, 0), (0, 0, 0)], [(0, 0, 0), (0, 0, 0), (0, 0, 0)]}
{[(0, 0, 0), (0, 0, 0), (0, 0, 0)], [(0, 0, 0), (0, 0, 0), (0, 0, 0)], [(0, 0, 0), (0, 0, 0), (0, 0, 0)], [(0, 0, 0), (0, 0, 0), (0, 0, 0)]}
{[(0, 1, 0), (0, 1, 0), (0, 1, 0)], [(0, 0, 0), (0, 0, 0), (0, 0, 0)], [(0, 0, 0), (0, 0, 0), (0, 0, 0)], [(1, 0, 0), (1, 0, 0), (1, 0, 0)]}
{[(0, 1, 0), (0, 1, 0), (0, 1, 0)], [(0, 0, 0), (0, 0, 0), (0, 0, 0)], [(0, 0, 0), (0, 0, 0), (0, 0, 0)], [(1, 0, 0), (1, 0, 0), (0, 0, 0)]}
{[(0, 1, 0), (0, 1, 0), (0, 1, 0)], [(0, 0, 0), (0, 0, 0), (0, 0, 0)], [(0, 0, 0), (0, 0, 0), (0, 0, 0)], [(1, 0, 0), (1, 0, 0), (1, 0, 0)]}
{[(0, 1, 0), (0, 1, 0), (0, 1, 0)], [(0, 0, 0), (0, 0, 0), (0, 0, 0)], [(0, 0, 0), (0, 0, 0), (0, 0, 0)], [(1, 0, 0), (1, 0, 0), (1, 0, 0)]}
{[(0, 1, 0), (0, 1, 0), (0, 1, 0)], [(0, 0, 0), (0, 0, 0), (0, 0, 0)], [(0, 1, 0), (0, 1, 0), (0, 1, 0)], [(0, 0, -1), (0, 0, -1), (0, 0, -1)]}
{[(0, 1, 1), (0, 1, 1), (0, 1, 0)], [(0, 1, 0), (0, 1, 0), (0, 1, 0)], [(0, 1, 0), (0, 1, 0), (0, 1, 0)], [(0, -1, -1), (0, -1, -1), (0, -1, -1)]}
{[(0, 1, 1), (0, 1, 1), (0, 1, 0)], [(0, 1, 0), (0, 1, 0), (0, 1, 0)], [(0, 1, 0), (0, 1, 0), (0, 1, 0)], [(0, -1, -1), (0, -1, -1), (0, -1, -1)]}
{[(0, 1, 1), (0, 1, 1), (0, 1, 0)], [(0, 1, 0), (0, 1, 0), (0, 1, 0)], [(0, 1, 0), (0, 1, 0), (0, 1, 0)], [(0, -1, 0), (0, -1, 0), (0, -1, 0)]}
{[(0, 0, 0), (0, 0, 0), (0, 0, 0)], [(0, 1, 0), (0, 1, 0), (0, 0, 0)], [(0, 1, 0), (0, 1, 0), (0, 1, 0)], [(0, 0, 0), (0, 0, 0), (0, 0, 0)]}
{[(0, 0, 0), (0, 0, 0), (0, 0, 0)], [(0, 1, 0), (0, 1, 0), (0, 0, 0)], [(0, 1, 0), (0, 1, 0), (0, 0, 0)], [(0, 0, 0), (0, 0, 0), (0, 0, 0)]}
{[(0, 0, 0), (0, 0, 0), (0, 0, 0)], [(0, 1, 0), (0, 1, 0), (0, 0, 0)], [(0, 1, 0), (0, 1, 0), (0, 1, 0)], [(0, 0, 0), (0, 0, 0), (0, 0, 0)]}
{[(0, 0, 0), (0, 0, 0), (0, 0, 0)], [(0, 1, 1), (0, 1, 1), (0, 0, 0)], [(0, 0, 0), (0, 0, 0), (0, 0, 0)], [(0, 0, 0), (0, 0, 0), (0, 0, 0)]}
{[(0, 0, 0), (0, 0, 0), (0, 0, 0)], [(0, 0, 0), (0, 0, 0), (0, 0, 0)], [(0, 0, 0), (0, 0, 0), (0, 0, 0)], [(0, 0, 0), (0, 0, 0), (0, 0, 0)]}
{[(0, 0, 0), (0, 0, 0), (0, 0, 0)], [(0, 0, 0), (0, 0, 0), (0, 0, 0)], [(0, 0, 0), (0, 0, 0), (0, 0, 0)], [(0, 0, 0), (0, 0, 0), (0, 0, 0)]}
{[(0, 0, 0), (0, 0, 0), (0, 0, 0)], [(0, 0, 0), (0, 0, 0), (0, 0, 0)], [(0, 0, 0), (0, 0, 0), (0, 0, 0)], [(0, 0, 0), (0, 0, 0), (0, 0, 0)]}
{[(0, 0, 0), (0, 0, 0), (0, 0, 0)], [(0, 0, 0), (0, 0, 0), (0, 0, 0)], [(0, 0, 0), (0, 0, 0), (0, 0, 0)], [(0, 0, 0), (0, 0, 0), (0, 0, 0)]}
{[(0, 0, 0), (0, 0, 0), (0, 0, 0)], [(0, 0, 0), (0, 0, 0), (0, 0, 0)], [(0, 0, 0), (0, 0, 0), (0, 0, 0)], [(0, 0, 0), (0, 0, 0), (0, 0, 0)]}
{[(0, 0, 0), (0, 0, 0), (0, 0, 0)], [(0, 0, 0), (0, 0, 0), (0, 0, 0)], [(0, 0, 0), (0, 0, 0), (0, 0, 0)], [(0, 0, 0), (0, 0, 0), (0, 0, 0)]}
{[(0, 0, 0), (0, 0, 0), (0, 0, 0)], [(0, 0, 0), (0, 0, 0), (0, 0, 0)], [(0, 0, 0), (0, 0, 0), (0, 0, 0)], [(0, 0, 0), (0, 0, 0), (0, 0, 0)]}
{[(0, 0, 0), (0, 0, 0), (0, 0, 0)], [(0, 0, 0), (0, 0, 0), (0, 0, 0)], [(0, 0, 0), (0, 0, 0), (0, 0, 0)], [(0, 0, 0), (0, 0, 0), (0, 0, 0)]}
{[(0, 0, 0), (0, 0, 0), (0, 0, 0)], [(0, 0, 0), (0, 0, 0), (0, 0, 0)], [(0, 0, 0), (0, 0, 0), (0, 0, 0)], [(0, 0, 0), (0, 0, 0), (0, 0, 0)]}
{[(0, 0, 0), (0, 0, 0), (0, 0, 0)], [(0, 0, 0), (0, 0, 0), (0, 0, 0)], [(0, 0, 0), (0, 0, 0), (0, 0, 0)], [(0, 0, 0), (0, 0, 0), (0, 0, 0)]}
{[(0, 0, 0), (0, 0, 0), (0, 0, 0)], [(0, 0, 0), (0, 0, 0), (0, 0, 0)], [(0, 0, 0), (0, 0, 0), (0, 0, 0)], [(0, 0, 0), (0, 0, 0), (0, 0, 0)]}
{[(0, 0, 0), (0, 0, 0), (0, 0, 0)], [(0, 0, 0), (0, 0, 0), (0, 0, 0)], [(0, 0, 0), (0, 0, 0), (0, 0, 0)], [(0, 0, 0), (0, 0, 0), (0, 0, 0)]}
{[(0, 0, 0), (0, 0, 0), (0, 0, 0)], [(0, 0, 0), (0, 0, 0), (0, 0, 0)], [(0, 0, 1), (0, 0, 1), (0, 0, 2)], [(0, 0, 0), (0, 0, 0), (0, 0, 0)]}
{[(0, 0, 0), (0, 0, 0), (0, 0, 0)], [(0, 0, 0), (0, 0, 0), (0, 0, 0)], [(0, 0, 2), (0, 0, 2), (0, 0, 2)], [(0, 0, 0), (0, 0, 0), (0, 0, 0)]}
{[(0, 0, 0), (0, 0, 0), (0, 0, 0)], [(0, 0, 0), (0, 0, 0), (0, 0, 0)], [(0, 0, 2), (0, 0, 2), (0, 0, 2)], [(0, 0, 0), (0, 0, 0), (0, 0, 0)]}
{[(0, 0, 0), (0, 0, 0), (0, 0, 0)], [(0, 0, 0), (0, 0, 0), (0, 0, 0)], [(0, 0, 2), (0, 0, 2), (0, 0, 2)], [(0, 0, 0), (0, 0, 0), (0, 0, 0)]}
{[(0, 0, 0), (0, 0, 0), (0, 0, 0)], [(0, 0, 0), (0, 0, 0), (0, 0, 0)], [(0, 0, 2), (0, 0, 2), (0, 0, 2)], [(0, 0, 0), (0, 0, 0), (0, 0, 0)]}
{[(0, 0, 0), (0, 0, 0), (0, 0, 0)], [(0, 0, 0), (0, 0, 0), (0, 0, 0)], [(0, 0, 2), (0, 0, 2), (0, 0, 2)], [(0, 0, 0), (0, 0, 0), (0, 0, 0)]}
{[(0, 0, 0), (0, 0, 0), (0, 0, 0)], [(0, 0, 0), (0, 0, 0), (0, 0, 0)], [(0, 0, 2), (0, 0, 2), (0, 0, 2)], [(0, 0, 0), (0, 0, 0), (0, 0, 0)]}
{[(0, 0, 0), (0, 0, 0), (0, 0, 0)], [(0, 0, 0), (0, 0, 0), (0, 0, 0)], [(0, 0, 2), (0, 0, 2), (0, 0, 2)], [(0, 0, 0), (0, 0, 0), (0, 0, 0)]}
{[(0, 0, 0), (0, 0, 0), (0, 0, 0)], [(0, 0, 0), (0, 0, 0), (0, 0, 0)], [(0, 0, 2), (0, 0, 2), (0, 0, 2)], [(0, 0, 0), (0, 0, 0), (0, 0, 0)]}
{[(0, 0, 0), (0, 0, 0), (0, 0, 0)], [(0, 0, 0), (0, 0, 0), (0, 0, 0)], [(0, 0, 1), (0, 0, 1), (0, 0, 0)], [(0, 0, 0), (0, 0, 0), (0, 0, 0)]}
{[(0, 0, 0), (0, 0, 0), (0, 0, 0)], [(0, 0, 0), (0, 0, 0), (0, 0, 0)], [(0, 0, 0), (0, 0, 0), (0, 0, 0)], [(0, 0, 0), (0, 0, 0), (0, 0, 0)]}
{[(0, 0, 0), (0, 0, 0), (0, 0, 0)], [(0, 0, 0), (0, 0, 0), (0, 0, 0)], [(0, 0, 0), (0, 0, 0), (0, 0, 0)], [(0, 0, 0), (0, 0, 0), (0, 0, 0)]}
{[(0, 0, 0), (0, 0, 0), (0, 0, 0)], [(0, 0, 0), (0, 0, 0), (0, 0, 0)], [(0, 0, 0), (0, 0, 0), (0, 0, 0)], [(0, 0, 0), (0, 0, 0), (0, 0, 0)]}
{[(0, 0, 0), (0, 0, 0), (0, 0, 0)], [(0, 0, 0), (0, 0, 0), (0, 0, 0)], [(0, 0, 0), (0, 0, 0), (0, 0, 0)], [(0, 0, 0), (0, 0, 0), (0, 0, 0)]}
{[(0, 0, 0), (0, 0, 0), (0, 0, 0)], [(0, 0, 0), (0, 0, 0), (0, 0, 0)], [(0, 0, 0), (0, 0, 0), (0, 0, 0)], [(0, 0, 0), (0, 0, 0), (0, 0, 0)]}
{[(0, 0, 0), (0, 0, 0), (0, 0, 0)], [(0, 0, 0), (0, 0, 0), (0, 0, 0)], [(0, 0, 2), (0, 0, 2), (0, 0, 2)], [(0, 0, 0), (0, 0, 0), (0, 0, 0)]}
{[(0, 1, 0), (0, 1, 0), (0, 1, 0)], [(0, 0, 0), (0, 0, 0), (0, 0, 0)], [(0, 0, 1), (0, 0, 1), (0, 0, 0)], [(1, 0, 0), (1, 0, 0), (1, 0, 0)]}
{[(0, 1, 0), (0, 1, 0), (0, 1, 0)], [(0, 0, 0), (0, 0, 0), (0, 0, 0)], [(0, 0, 0), (0, 0, 0), (0, 0, 0)], [(1, 0, 0), (1, 0, 0), (1, 0, 0)]}
{[(0, 1, 0), (0, 1, 0), (0, 1, 0)], [(0, 0, 0), (0, 0, 0), (0, 0, 0)], [(0, 0, 0), (0, 0, 0), (0, 0, 0)], [(1, 0, 0), (1, 0, 0), (1, 0, 0)]}
{[(0, 1, 0), (0, 1, 0), (0, 1, 0)], [(0, 0, 0), (0, 0, 0), (0, 0, 0)], [(0, 0, 0), (0, 0, 0), (0, 0, 0)], [(0, 0, 0), (0, 0, 0), (0, 0, 0)]}
{[(0, 1, 0), (0, 1, 0), (0, 1, 0)], [(0, 0, 0), (0, 0, 0), (0, 0, 0)], [(0, 0, 1), (0, 0, 1), (0, 0, 0)], [(0, 0, 0), (0, 0, 0), (0, 0, 0)]}
{[(0, 1, 0), (0, 1, 0), (0, 1, 0)], [(0, 0, 0), (0, 0, 0), (0, 0, 0)], [(0, 0, 0), (0, 0, 0), (0, 0, 0)], [(0, 0, 1), (0, 0, 1), (0, 0, 1)]}
{[(0, 1, 0), (0, 1, 0), (0, 1, 0)], [(0, 0, 0), (0, 0, 0), (0, 0, 0)], [(0, 1, 0), (0, 1, 0), (0, 1, 0)], [(0, 0, 1), (0, 0, 1), (0, 0, 1)]}
{[(0, 0, 0), (0, 0, 0), (0, 0, 0)], [(0, 0, 0), (0, 0, 0), (0, 0, 0)], [(0, 1, 1), (0, 1, 1), (0, 1, 0)], [(0, 0, 1), (0, 0, 1), (0, 0, 1)]}
{[(0, 0, 0), (0, 0, 0), (0, 0, 0)], [(0, 0, 0), (0, 0, 0), (0, 0, 0)], [(0, 1, 0), (0, 1, 0), (0, 0, 0)], [(0, 0, 1), (0, 0, 1), (0, 0, 1)]}
{[(0, 0, 0), (0, 0, 0), (0, 0, 0)], [(0, 0, 0), (0, 0, 0), (0, 0, 0)], [(0, 0, 0), (0, 0, 0), (0, 0, 0)], [(0, 0, 0), (0, 0, 0), (0, 0, 0)]}
{[(0, 0, 0), (0, 0, 0), (0, 0, 0)], [(0, 0, 0), (0, 0, 0), (0, 0, 0)], [(0, 0, 0), (0, 0, 0), (0, 0, 0)], [(0, 0, 0), (0, 0, 0), (0, 0, 0)]}
{[(0, 0, 0), (0, 0, 0), (0, 0, 0)], [(0, 0, 0), (0, 0, 0), (0, 0, 0)], [(0, 0, 0), (0, 0, 0), (0, 0, 0)], [(0, 0, 0), (0, 0, 0), (0, 0, 0)]}
{[(0, 0, 0), (0, 0, 0), (0, 0, 0)], [(0, 0, 0), (0, 0, 0), (0, 0, 0)], [(0, 0, 0), (0, 0, 0), (0, 0, 0)], [(0, 0, 0), (0, 0, 0), (0, 0, 0)]}
{[(0, 0, 0), (0, 0, 0), (0, 0, 0)], [(0, 0, 0), (0, 0, 0), (0, 0, 0)], [(0, 0, 2), (0, 0, 2), (0, 0, 2)], [(0, 0, 0), (0, 0, 0), (0, 0, 0)]}
{[(0, 0, 0), (0, 0, 0), (0, 0, 0)], [(0, 0, 0), (0, 0, 0), (0, 0, 0)], [(0, 0, 2), (0, 0, 2), (0, 0, 2)], [(0, 0, 0), (0, 0, 0), (0, 0, 0)]}
{[(0, 0, 0), (0, 0, 0), (0, 0, 0)], [(0, 0, 0), (0, 0, 0), (0, 0, 0)], [(0, 0, 2), (0, 0, 2), (0, 0, 2)], [(0, 0, 0), (0, 0, 0), (0, 0, 0)]}
{[(0, 0, 0), (0, 0, 0), (0, 0, 0)], [(0, 0, 0), (0, 0, 0), (0, 0, 0)], [(0, 0, 1), (0, 0, 1), (0, 0, 2)], [(0, 0, 0), (0, 0, 0), (0, 0, 0)]}
{[(0, 0, 0), (0, 0, 0), (0, 0, 0)], [(0, 0, 0), (0, 0, 0), (0, 0, 0)], [(0, 0, 1), (0, 0, 1), (0, 0, 2)], [(0, 0, 0), (0, 0, 0), (0, 0, 0)]}
{[(0, 0, 0), (0, 0, 0), (0, 0, 0)], [(0, 0, 0), (0, 0, 0), (0, 0, 0)], [(0, 0, 1), (0, 0, 1), (0, 0, 2)], [(0, 0, 0), (0, 0, 0), (0, 0, 0)]}
{[(0, 0, 0), (0, 0, 0), (0, 0, 0)], [(0, 0, 0), (0, 0, 0), (0, 0, 0)], [(0, 0, 1), (0, 0, 1), (0, 0, 2)], [(0, 0, 0), (0, 0, 0), (0, 0, 0)]}
{[(0, 0, 0), (0, 0, 0), (0, 0, 0)], [(0, 0, 0), (0, 0, 0), (0, 0, 0)], [(0, 0, 2), (0, 0, 1), (0, 0, 1)], [(0, 0, 0), (0, 0, 0), (0, 0, 0)]}
{[(0, 0, 0), (0, 0, 0), (0, 0, 0)], [(0, 0, 0), (0, 0, 0), (0, 0, 0)], [(0, 0, 2), (0, 0, 1), (0, 0, 1)], [(0, 0, 0), (0, 0, 0), (0, 0, 0)]}
{[(0, 0, 0), (0, 0, 0), (0, 0, 0)], [(0, 0, 0), (0, 0, 0), (0, 0, 0)], [(0, 0, 1), (0, 0, 1), (0, 0, 0)], [(0, 0, 0), (0, 0, 0), (0, 0, 0)]}
{[(0, 0, 0), (0, 0, 0), (0, 0, 0)], [(0, 0, 0), (0, 0, 0), (0, 0, 0)], [(0, 0, 1), (0, 0, 1), (0, 0, 0)], [(0, 0, 0), (0, 0, 0), (0, 0, 0)]}
{[(0, 0, 1), (0, 0, 0), (0, 0, 1)], [(0, 0, 0), (0, 0, 0), (0, 0, 0)], [(0, 0, 1), (0, 0, 2), (0, 0, 1)], [(0, 0, 0), (0, 0, 0), (0, 0, 0)]}
{[(0, 0, 0), (0, 0, 0), (0, 0, 0)], [(0, 0, 0), (0, 0, 0), (0, 0, 0)], [(0, 0, 0), (0, 0, 0), (0, 0, 0)], [(0, 0, 0), (0, 0, 0), (0, 0, 0)]}
{[(0, 0, 0), (0, 0, 0), (0, 0, 0)], [(0, 0, 0), (0, 0, 0), (0, 0, 0)], [(0, 0, 0), (0, 0, 0), (0, 0, 0)], [(0, 0, 0), (0, 0, 0), (0, 0, 0)]}
{[(0, 0, 0), (0, 0, 0), (0, 0, 0)], [(0, 0, 0), (0, 0, 0), (0, 0, 0)], [(0, 1, 0), (0, 1, 0), (0, 1, 0)], [(0, 0, 0), (0, 0, 0), (0, 0, 0)]}
{[(0, 0, 0), (0, 0, 0), (0, 0, 0)], [(0, 0, 0), (0, 0, 0), (0, 0, 0)], [(0, 1, 2), (0, 1, 2), (0, 1, 2)], [(0, 0, 0), (0, 0, 0), (0, 0, 0)]}
{[(0, 0, 0), (0, 0, 0), (0, 0, 0)], [(0, 0, 0), (0, 0, 0), (0, 0, 0)], [(0, 1, 2), (0, 1, 2), (0, 1, 2)], [(0, 0, 0), (0, 0, 0), (0, 0, 0)]}
{[(0, 0, 0), (0, 0, 0), (0, 0, 0)], [(0, 0, 0), (0, 0, 0), (0, 0, 0)], [(0, 1, 1), (0, 1, 1), (0, 1, 2)], [(0, 0, 0), (0, 0, 0), (0, 0, 0)]}
{[(0, 0, 0), (0, 0, 0), (0, 0, 0)], [(0, 0, 0), (0, 0, 0), (0, 0, 0)], [(0, 1, 2), (0, 1, 2), (0, 1, 2)], [(0, 0, 0), (0, 0, 0), (0, 0, 0)]}
{[(0, 0, 0), (0, 0, 0), (0, 0, 0)], [(0, 0, 0), (0, 0, 0), (0, 0, 0)], [(0, 0, 1), (0, 0, 1), (0, 1, 2)], [(0, 0, 0), (0, 0, 0), (0, 0, 0)]}
{[(0, 0, 0), (0, 0, 0), (0, 0, 0)], [(0, 0, 0), (0, 0, 0), (0, 0, 0)], [(0, 0, 0), (0, 0, 0), (0, 0, 0)], [(0, 0, 0), (0, 0, 0), (0, 0, 0)]}
{[(0, 0, 0), (0, 0, 0), (0, 0, 0)], [(0, 0, 0), (0, 0, 0), (0, 0, 0)], [(0, 0, 0), (0, 0, 0), (0, 0, 0)], [(0, 0, 0), (0, 0, 0), (0, 0, 0)]}
{[(0, 0, 0), (0, 0, 0), (0, 0, 0)], [(0, 0, 0), (0, 0, 0), (0, 0, 0)], [(0, 0, 0), (0, 0, 0), (0, 0, 0)], [(0, 0, 0), (0, 0, 0), (0, 0, 0)]}
{[(0, 0, 0), (0, 0, 0), (0, 0, 0)], [(0, 0, 0), (0, 0, 0), (0, 0, 0)], [(0, 0, 0), (0, 0, 0), (0, 0, 0)], [(0, 0, 0), (0, 0, 0), (0, 0, 0)]}
{[(0, 0, 0), (0, 0, 0), (0, 0, 0)], [(0, 0, 0), (0, 0, 0), (0, 0, 0)], [(0, 1, 0), (0, 1, 0), (0, 1, 0)], [(0, 0, 0), (0, 0, 0), (0, 0, 0)]}
{[(0, 0, 0), (0, 0, 0), (0, 0, 0)], [(0, 0, 0), (0, 0, 0), (0, 0, 0)], [(0, 1, 0), (0, 1, 0), (0, 1, 0)], [(0, 0, 0), (0, 0, 0), (0, 0, 0)]}
{[(0, 0, 0), (0, 0, 0), (0, 0, 0)], [(0, 0, 0), (0, 0, 0), (0, 0, 0)], [(0, 1, 1), (0, 1, 1), (0, 1, 0)], [(0, 0, 0), (0, 0, 0), (0, 0, 0)]}
{[(0, 0, 0), (0, 0, 0), (0, 0, 0)], [(0, 0, 0), (0, 0, 0), (0, 0, 0)], [(0, 1, 1), (0, 1, 1), (0, 1, 0)], [(0, 0, 0), (0, 0, 0), (0, 0, 0)]}
{[(0, 0, 0), (0, 0, 0), (0, 0, 0)], [(0, 0, 0), (0, 0, 0), (0, 0, 0)], [(0, 1, 1), (0, 1, 2), (0, 1, 1)], [(0, 0, 0), (0, 0, 0), (0, 0, 0)]}
{[(0, 0, 0), (0, 0, 0), (0, 0, 0)], [(0, 0, 0), (0, 0, 0), (0, 0, 0)], [(0, 1, 0), (0, 1, 1), (0, 1, 1)], [(0, 0, 0), (0, 0, 0), (0, 0, 0)]}
{[(0, 0, 0), (0, 0, 0), (0, 0, 0)], [(0, 0, 0), (0, 0, 0), (0, 0, 0)], [(0, 1, 0), (0, 1, 0), (0, 1, 0)], [(0, 0, 0), (0, 0, 0), (0, 0, 0)]}
{[(0, 0, 0), (0, 0, 0), (0, 0, 0)], [(0, 0, 0), (0, 0, 0), (0, 0, 0)], [(0, 1, 0), (0, 1, 0), (0, 1, 0)], [(0, 0, 0), (0, 0, 0), (0, 0, 0)]}
{[(0, 0, 0), (0, 0, 0), (0, 0, 0)], [(0, 0, 0), (0, 0, 0), (0, 0, 0)], [(0, 1, 0), (0, 1, 0), (0, 1, 0)], [(0, 0, 0), (0, 0, 0), (0, 0, 0)]}
{[(0, 0, 0), (0, 0, 0), (0, 0, 0)], [(0, 0, 0), (0, 0, 0), (0, 0, 0)], [(0, 1, 0), (0, 1, 0), (0, 1, 0)], [(0, 0, 0), (0, 0, 0), (0, 0, 0)]}
{[(0, 0, 0), (0, 0, 0), (0, 0, 0)], [(0, 0, 0), (0, 0, 0), (0, 0, 0)], [(0, 1, 0), (0, 1, 0), (0, 1, 0)], [(0, 0, 0), (0, 0, 0), (0, 0, 0)]}
{[(0, 0, 0), (0, 0, 0), (0, 0, 0)], [(0, 0, 0), (0, 0, 0), (0, 0, 0)], [(0, 1, 0), (0, 1, 0), (0, 1, 0)], [(0, 0, 0), (0, 0, 0), (0, 0, 0)]}
{[(0, 0, 0), (0, 0, 0), (0, 0, 0)], [(0, 0, 0), (0, 0, 0), (0, 0, 0)], [(0, 1, 1), (0, 1, 1), (0, 1, 0)], [(0, 0, 0), (0, 0, 0), (0, 0, 0)]}
{[(0, 0, 0), (0, 0, 0), (0, 0, 0)], [(0, 0, 0), (0, 0, 0), (0, 0, 0)], [(0, 1, 1), (0, 1, 1), (0, 1, 0)], [(0, 0, 0), (0, 0, 0), (0, 0, 0)]}
{[(0, 0, 0), (0, 0, 0), (0, 0, 0)], [(0, 0, 0), (0, 0, 0), (0, 0, 0)], [(0, 1, 1), (0, 1, 1), (0, 1, 0)], [(0, 0, 0), (0, 0, 0), (0, 0, 0)]}
{[(0, 0, 0), (0, 0, 0), (0, 0, 0)], [(0, 0, 0), (0, 0, 0), (0, 0, 0)], [(0, 1, 1), (0, 1, 1), (0, 1, 0)], [(0, 0, 0), (0, 0, 0), (0, 0, 0)]}
{[(0, 0, 0), (0, 0, 0), (0, 0, 0)], [(0, 0, 0), (0, 0, 0), (0, 0, 0)], [(0, 1, 0), (0, 1, 0), (0, 1, 0)], [(0, 0, 0), (0, 0, 0), (0, 0, 0)]}
{[(0, 0, 0), (0, 0, 0), (0, 0, 0)], [(0, 0, 0), (0, 0, 0), (0, 0, 0)], [(0, 1, 0), (0, 1, 0), (0, 1, 0)], [(0, 0, 0), (0, 0, 0), (0, 0, 0)]}
{[(0, 0, 0), (0, 0, 0), (0, 0, 0)], [(0, 0, 0), (0, 0, 0), (0, 0, 0)], [(0, 1, 0), (0, 1, 0), (0, 1, 0)], [(0, 0, 0), (0, 0, 0), (0, 0, 0)]}
{[(0, 0, 0), (0, 0, 0), (0, 0, 0)], [(0, 0, 0), (0, 0, 0), (0, 0, 0)], [(0, 1, 0), (0, 1, 0), (0, 1, 0)], [(0, 0, 0), (0, 0, 0), (0, 0, 0)]}
{[(0, 0, 0), (0, 0, 0), (0, 0, 0)], [(0, 0, 0), (0, 0, 0), (0, 0, 0)], [(0, 0, 0), (0, 0, 0), (0, 1, 0)], [(0, 0, 0), (0, 0, 0), (0, 0, 0)]}
{[(0, 0, 0), (0, 0, 0), (0, 0, 0)], [(0, 0, 0), (0, 0, 0), (0, 0, 0)], [(0, 0, 0), (0, 0, 0), (0, 0, 0)], [(0, 0, 0), (0, 0, 0), (0, 0, 0)]}
{[(0, 0, 0), (0, 0, 0), (0, 0, 0)], [(0, 0, 0), (0, 0, 0), (0, 0, 0)], [(0, 0, 0), (0, 0, 0), (0, 0, 0)], [(0, 0, 0), (0, 0, 0), (0, 0, 0)]}
{[(0, 0, 0), (0, 0, 0), (0, 0, 0)], [(0, 0, 0), (0, 0, 0), (0, 0, 0)], [(0, 0, 0), (0, 0, 0), (0, 0, 0)], [(0, 0, 0), (0, 0, 0), (0, 0, 0)]}
{[(0, 0, 0), (0, 0, 0), (0, 0, 0)], [(0, 0, 0), (0, 0, 0), (0, 0, 0)], [(0, 0, 0), (0, 0, 0), (0, 0, 0)], [(0, 0, 0), (0, 0, 0), (0, 0, 0)]}
{[(0, 0, 0), (0, 0, 0), (0, 0, 0)], [(0, 0, 0), (0, 0, 0), (0, 0, 0)], [(0, 0, 0), (0, 0, 0), (0, 0, 0)], [(0, 0, 0), (0, 0, 0), (0, 0, 0)]}
{[(0, 0, 0), (0, 0, 0), (0, 0, 0)], [(0, 0, 0), (0, 0, 0), (0, 0, 0)], [(0, 0, 0), (0, 0, 0), (0, 0, 0)], [(0, 0, 0), (0, 0, 0), (0, 0, 0)]}
{[(0, 0, 0), (0, 0, 0), (0, 0, 0)], [(0, 0, 0), (0, 0, 0), (0, 0, 0)], [(0, 0, 1), (0, 0, 1), (0, 0, 2)], [(0, 0, 0), (0, 0, 0), (0, 0, 0)]}
{[(0, 0, 0), (0, 0, 0), (0, 0, 0)], [(0, 0, 0), (0, 0, 0), (0, 0, 0)], [(0, 0, 0), (0, 0, 0), (0, 0, 0)], [(0, 0, 0), (0, 0, 0), (0, 0, 0)]}
{[(0, 0, 0), (0, 0, 0), (0, 0, 0)], [(0, 0, 0), (0, 0, 0), (0, 0, 0)], [(0, 0, 2), (0, 0, 2), (0, 0, 2)], [(0, 0, 0), (0, 0, 0), (0, 0, 0)]}
{[(0, 0, 0), (0, 0, 0), (0, 0, 0)], [(0, 0, 0), (0, 0, 0), (0, 0, 0)], [(0, 0, 2), (0, 0, 2), (0, 0, 2)], [(0, 0, 0), (0, 0, 0), (0, 0, 0)]}
{[(0, 0, 0), (0, 0, 0), (0, 0, 0)], [(0, 0, 0), (0, 0, 0), (0, 0, 0)], [(0, 0, 2), (0, 0, 2), (0, 0, 2)], [(0, 0, 0), (0, 0, 0), (0, 0, 0)]}
{[(0, 0, 0), (0, 0, 0), (0, 0, 0)], [(0, 0, 0), (0, 0, 0), (0, 0, 0)], [(0, 0, 0), (0, 0, 0), (0, 0, 0)], [(0, 0, 0), (0, 0, 0), (0, 0, 0)]}
{[(0, 0, 0), (0, 0, 0), (0, 0, 0)], [(0, 0, 0), (0, 0, 0), (0, 0, 0)], [(0, 0, 0), (0, 0, 0), (0, 0, 0)], [(0, 0, 0), (0, 0, 0), (0, 0, 0)]}
{[(0, 0, 0), (0, 0, 0), (0, 0, 0)], [(0, 0, 0), (0, 0, 0), (0, 0, 0)], [(0, 0, 0), (0, 0, 0), (0, 0, 0)], [(0, 0, 0), (0, 0, 0), (0, 0, 0)]}
{[(0, 0, 0), (0, 0, 0), (0, 0, 0)], [(0, 0, 0), (0, 0, 0), (0, 0, 0)], [(0, 0, 0), (0, 0, 0), (0, 0, 0)], [(0, 0, 0), (0, 0, 0), (0, 0, 0)]}
{[(0, 0, 0), (0, 0, 0), (0, 0, 0)], [(0, 0, 0), (0, 0, 0), (0, 0, 0)], [(0, 0, 0), (0, 0, 0), (0, 0, 0)], [(0, 0, 0), (0, 0, 0), (0, 0, 0)]}
{[(0, 0, 0), (0, 0, 0), (0, 0, 0)], [(0, 0, 0), (0, 0, 0), (0, 0, 0)], [(0, 0, 0), (0, 0, 0), (0, 0, 0)], [(0, 0, 0), (0, 0, 0), (0, 0, 0)]}
{[(0, 0, 0), (0, 0, 1), (0, 0, 1)], [(0, 0, 0), (0, 0, 0), (0, 0, 0)], [(0, 0, 0), (0, 0, 0), (0, 0, 0)], [(0, 0, 0), (0, 0, 0), (0, 0, 0)]}
{[(0, 0, 0), (0, 0, 0), (0, 0, 0)], [(0, 0, 0), (0, 0, 0), (0, 0, 0)], [(0, 0, 0), (0, 0, 0), (0, 0, 0)], [(0, 0, 0), (0, 0, 0), (0, 0, 0)]}
{[(0, 0, 0), (0, 0, 0), (0, 0, 0)], [(0, 0, 0), (0, 0, 0), (0, 0, 0)], [(0, 0, 0), (0, 0, 0), (0, 0, 0)], [(0, 0, 0), (0, 0, 0), (0, 0, 0)]}
{[(0, 0, 0), (0, 0, 0), (0, 0, 0)], [(0, 0, 0), (0, 0, 0), (0, 0, 0)], [(0, 0, 0), (0, 0, 0), (0, 0, 0)], [(0, 0, 0), (0, 0, 0), (0, 0, 0)]}
{[(0, 0, 0), (0, 0, 0), (0, 0, 0)], [(0, 0, 0), (0, 0, 0), (0, 0, 0)], [(0, 0, 0), (0, 0, 0), (0, 0, 0)], [(0, 0, 0), (0, 0, 0), (0, 0, 0)]}
{[(0, 0, 0), (0, 0, 0), (0, 0, 0)], [(0, 0, 0), (0, 0, 0), (0, 0, 0)], [(0, 0, 0), (0, 0, 0), (0, 0, 0)], [(0, 0, 0), (0, 0, 0), (0, 0, 0)]}
{[(0, 0, 0), (0, 0, 0), (0, 0, 0)], [(0, 0, 0), (0, 0, 0), (0, 0, 0)], [(0, 0, 0), (0, 0, 0), (0, 1, 0)], [(0, 0, 0), (0, 0, 0), (0, 0, 0)]}
{[(0, 0, 0), (0, 0, 0), (0, 0, 0)], [(0, 0, 0), (0, 0, 0), (0, 0, 0)], [(0, 0, 1), (0, 0, 1), (0, 0, 0)], [(0, 0, 0), (0, 0, 0), (0, 0, 0)]}
{[(0, 0, 0), (0, 0, 0), (0, 0, 0)], [(0, 0, 0), (0, 0, 0), (0, 0, 0)], [(0, 0, 1), (0, 0, 1), (0, 0, 0)], [(0, 0, 0), (0, 0, 0), (0, 0, 0)]}
{[(0, 0, 0), (0, 0, 0), (0, 0, 0)], [(0, 0, 0), (0, 0, 0), (0, 0, 0)], [(0, 0, 1), (0, 0, 1), (0, 0, 0)], [(0, 0, 0), (0, 0, 0), (0, 0, 0)]}
{[(0, 0, 0), (0, 0, 0), (0, 0, 0)], [(0, 0, 0), (0, 0, 0), (0, 0, 0)], [(0, 0, 1), (0, 0, 1), (0, 0, 0)], [(0, 0, 0), (0, 0, 0), (0, 0, 0)]}
{[(0, 0, 0), (0, 0, 0), (0, 0, 0)], [(0, 0, 0), (0, 0, 0), (0, 0, 0)], [(0, 0, 2), (0, 0, 2), (0, 0, 2)], [(0, 0, 0), (0, 0, 0), (0, 0, 0)]}
{[(0, 0, 0), (0, 0, 0), (0, 0, 0)], [(0, 0, 0), (0, 0, 0), (0, 0, 0)], [(0, 0, 2), (0, 0, 2), (0, 0, 2)], [(0, 0, 0), (0, 0, 0), (0, 0, 0)]}
{[(0, 0, 0), (0, 0, 0), (0, 0, 0)], [(0, 0, 0), (0, 0, 0), (0, 0, 0)], [(0, 0, 2), (0, 0, 2), (0, 0, 2)], [(0, 0, 0), (0, 0, 0), (0, 0, 0)]}
{[(0, 0, 0), (0, 0, 0), (0, 0, 0)], [(0, 0, 0), (0, 0, 0), (0, 0, 0)], [(0, 0, 2), (0, 0, 2), (0, 0, 2)], [(0, 0, 0), (0, 0, 0), (0, 0, 0)]}
{[(0, 0, 0), (0, 0, 0), (0, 0, 0)], [(0, 0, 0), (0, 0, 0), (0, 0, 0)], [(0, 0, 2), (0, 0, 1), (0, 0, 1)], [(0, 0, 0), (0, 0, 0), (0, 0, 0)]}
{[(0, 0, 0), (0, 0, 0), (0, 0, 0)], [(0, 0, 0), (0, 0, 0), (0, 0, 0)], [(0, 0, 0), (0, 0, 0), (0, 0, 0)], [(0, 0, 0), (0, 0, 0), (0, 0, 0)]}
{[(0, 0, 0), (0, 0, 0), (0, 0, 0)], [(0, 0, 0), (0, 0, 0), (0, 0, 0)], [(0, 0, 0), (0, 0, 0), (0, 0, 0)], [(0, 0, 0), (0, 0, 0), (0, 0, 0)]}
{[(0, 0, 0), (0, 0, 0), (0, 0, 0)], [(0, 0, 0), (0, 0, 0), (0, 0, 0)], [(0, 0, 0), (0, 0, 0), (0, 0, 0)], [(0, 0, 0), (0, 0, 0), (0, 0, 0)]}
{[(0, 0, 0), (0, 0, 0), (0, 0, 0)], [(0, 0, 0), (0, 0, 0), (0, 0, 0)], [(0, 0, 0), (0, 0, 0), (0, 0, 0)], [(0, 0, 0), (0, 0, 0), (0, 0, 0)]}
{[(0, 0, 0), (0, 0, 0), (0, 0, 0)], [(0, 0, 0), (0, 0, 0), (0, 0, 0)], [(0, 0, 0), (0, 0, 0), (0, 0, 0)], [(0, 0, 0), (0, 0, 0), (0, 0, 0)]}
{[(0, 0, 0), (0, 0, 0), (0, 0, 0)], [(0, 0, 0), (0, 0, 0), (0, 0, 0)], [(0, 0, 2), (0, 0, 2), (0, 0, 2)], [(0, 0, 0), (0, 0, 0), (0, 0, 0)]}
{[(0, 0, 0), (0, 0, 0), (0, 0, 0)], [(0, 0, 0), (0, 0, 0), (0, 0, 0)], [(0, 1, 1), (0, 1, 2), (0, 0, 1)], [(0, 0, 0), (0, 0, 0), (0, 0, 0)]}
{[(0, 0, 0), (0, 0, 0), (0, 0, 0)], [(0, 0, 0), (0, 0, 0), (0, 0, 0)], [(0, 0, 0), (0, 0, 0), (0, 0, 0)], [(0, 0, 0), (0, 0, 0), (0, 0, 0)]}
{[(0, 0, 0), (0, 0, 0), (0, 0, 0)], [(0, 0, 0), (0, 0, 0), (0, 0, 0)], [(0, 0, 0), (0, 0, 0), (0, 0, 0)], [(0, 0, 0), (0, 0, 0), (0, 0, 0)]}
{[(0, 0, 0), (0, 0, 0), (0, 0, 0)], [(0, 0, 0), (0, 0, 0), (0, 0, 0)], [(0, 0, 0), (0, 0, 0), (0, 0, 0)], [(0, 0, 0), (0, 0, 0), (0, 0, 0)]}
{[(0, 0, 0), (0, 0, 0), (0, 0, 0)], [(0, 0, 0), (0, 0, 0), (0, 0, 0)], [(0, 0, 0), (0, 0, 0), (0, 0, 0)], [(0, 0, 0), (0, 0, 0), (0, 0, 0)]}
{[(0, 0, 0), (0, 0, 0), (0, 0, 0)], [(0, 0, 0), (0, 0, 0), (0, 0, 0)], [(0, 0, 1), (0, 0, 1), (0, 0, 0)], [(0, 0, 0), (0, 0, 0), (0, 0, 0)]}
{[(0, 0, 0), (0, 0, 0), (0, 0, 0)], [(0, 0, 0), (0, 0, 0), (0, 0, 0)], [(0, 0, 1), (0, 0, 1), (0, 0, 0)], [(0, 0, 0), (0, 0, 0), (0, 0, 0)]}
{[(0, 0, 0), (0, 0, 0), (0, 0, 0)], [(0, 0, 0), (0, 0, 0), (0, 0, 0)], [(0, 0, 1), (0, 0, 1), (0, 0, 0)], [(0, 0, 0), (0, 0, 0), (0, 0, 0)]}
{[(0, 0, 0), (0, 0, 0), (0, 0, 0)], [(0, 0, 0), (0, 0, 0), (0, 0, 0)], [(0, 0, 2), (0, 0, 1), (0, 0, 1)], [(0, 0, 0), (0, 0, 0), (0, 0, 0)]}
{[(0, 0, 0), (0, 0, 0), (0, 0, 0)], [(0, 0, 0), (0, 0, 0), (0, 0, 0)], [(0, 0, 2), (0, 0, 1), (0, 0, 1)], [(0, 0, 0), (0, 0, 0), (0, 0, 0)]}
{[(0, 0, 0), (0, 0, 0), (0, 0, 0)], [(0, 0, 0), (0, 0, 0), (0, 0, 0)], [(0, 0, 2), (0, 0, 1), (0, 0, 1)], [(0, 0, 0), (0, 0, 0), (0, 0, 0)]}
{[(0, 0, 0), (0, 0, 0), (0, 0, 0)], [(0, 0, 0), (0, 0, 0), (0, 0, 0)], [(0, 0, 2), (0, 0, 1), (0, 0, 1)], [(0, 0, 0), (0, 0, 0), (0, 0, 0)]}
{[(0, 0, 0), (0, 0, 0), (0, 0, 0)], [(0, 0, 0), (0, 0, 0), (0, 0, 0)], [(0, 0, 2), (0, 0, 2), (0, 0, 2)], [(0, 0, 0), (0, 0, 0), (0, 0, 0)]}
{[(0, 0, 0), (0, 0, 0), (0, 0, 0)], [(0, 0, 0), (0, 0, 0), (0, 0, 0)], [(0, 0, 2), (0, 0, 2), (0, 0, 2)], [(0, 0, 0), (0, 0, 0), (0, 0, 0)]}
{[(0, 0, 0), (0, 0, 0), (0, 0, 0)], [(0, 0, 0), (0, 0, 0), (0, 0, 0)], [(0, 0, 2), (0, 0, 2), (0, 0, 2)], [(0, 0, 0), (0, 0, 0), (0, 0, 0)]}
{[(0, 0, 0), (0, 0, 0), (0, 0, 0)], [(0, 0, 0), (0, 0, 0), (0, 0, 0)], [(0, 0, 2), (0, 0, 2), (0, 0, 2)], [(0, 0, 0), (0, 0, 0), (0, 0, 0)]}
{[(0, 0, 0), (0, 0, 0), (0, 0, 0)], [(0, 0, 0), (0, 0, 0), (0, 0, 0)], [(0, 0, 1), (0, 0, 1), (0, 0, 2)], [(0, 0, 0), (0, 0, 0), (0, 0, 0)]}
{[(0, 0, 0), (0, 0, 0), (0, 0, 0)], [(0, 0, 0), (0, 0, 0), (0, 0, 0)], [(0, 0, 1), (0, 0, 1), (0, 0, 2)], [(0, 0, 0), (0, 0, 0), (0, 0, 0)]}
{[(0, 0, 0), (0, 0, 0), (0, 0, 0)], [(0, 0, 0), (0, 0, 0), (0, 0, 0)], [(0, 0, 1), (0, 0, 1), (0, 0, 2)], [(0, 0, 0), (0, 0, 0), (0, 0, 0)]}
{[(0, 0, 0), (0, 0, 0), (0, 0, 0)], [(0, 0, 0), (0, 0, 0), (0, 0, 0)], [(0, 0, 1), (0, 0, 1), (0, 0, 2)], [(0, 0, 0), (0, 0, 0), (0, 0, 0)]}
{[(0, 0, 0), (0, 0, 0), (0, 0, 0)], [(0, 0, 0), (0, 0, 0), (0, 0, 0)], [(0, 0, 2), (0, 0, 1), (0, 0, 1)], [(0, 0, 0), (0, 0, 0), (0, 0, 0)]}
{[(0, 0, 0), (0, 0, 0), (0, 0, 0)], [(0, 0, 0), (0, 0, 0), (0, 0, 0)], [(0, 0, 2), (0, 0, 1), (0, 0, 1)], [(0, 0, 0), (0, 0, 0), (0, 0, 0)]}
{[(0, 0, 0), (0, 0, 0), (0, 0, 0)], [(0, 0, 0), (0, 0, 0), (0, 0, 0)], [(0, 0, 1), (0, 0, 1), (0, 0, 0)], [(0, 0, 0), (0, 0, 0), (0, 0, 0)]}
{[(0, 0, 0), (0, 0, 0), (0, 0, 0)], [(0, 0, 0), (0, 0, 0), (0, 0, 0)], [(0, 0, 1), (0, 0, 1), (0, 0, 0)], [(0, 0, 0), (0, 0, 0), (0, 0, 0)]}
{[(0, 0, 0), (0, 0, 0), (0, 0, 0)], [(0, 0, 0), (0, 0, 0), (0, 0, 0)], [(0, 0, 1), (0, 0, 2), (0, 0, 1)], [(0, 0, 0), (0, 0, 0), (0, 0, 0)]}
{[(0, 0, 0), (0, 0, 0), (0, 0, 0)], [(0, 0, 0), (0, 0, 0), (0, 0, 0)], [(0, 0, 1), (0, 0, 2), (0, 0, 1)], [(0, 0, 0), (0, 0, 0), (0, 0, 0)]}
{[(0, 0, 0), (0, 0, 0), (0, 0, 0)], [(0, 0, 0), (0, 0, 0), (0, 0, 0)], [(0, 0, 1), (0, 0, 2), (0, 0, 1)], [(0, 0, 0), (0, 0, 0), (0, 0, 0)]}
{[(0, 0, 0), (0, 0, 0), (0, 0, 0)], [(0, 0, 0), (0, 0, 0), (0, 0, 0)], [(0, 1, 0), (0, 1, 0), (0, 1, 0)], [(0, 0, 0), (0, 0, 0), (0, 0, 0)]}
{[(0, 0, 0), (0, 0, 0), (0, 0, 0)], [(0, 0, 0), (0, 0, 0), (0, 0, 0)], [(0, 1, 2), (0, 1, 2), (0, 1, 2)], [(0, 0, 0), (0, 0, 0), (0, 0, 0)]}
{[(0, 0, 0), (0, 0, 0), (0, 0, 0)], [(0, 0, 0), (0, 0, 0), (0, 0, 0)], [(0, 1, 2), (0, 1, 2), (0, 1, 2)], [(0, 0, 0), (0, 0, 0), (0, 0, 0)]}
{[(0, 0, 0), (0, 0, 0), (0, 0, 0)], [(0, 0, 0), (0, 0, 0), (0, 0, 0)], [(0, 1, 1), (0, 1, 1), (0, 1, 2)], [(0, 0, 0), (0, 0, 0), (0, 0, 0)]}
{[(0, 0, 0), (0, 0, 0), (0, 0, 0)], [(0, 0, 0), (0, 0, 0), (0, 0, 0)], [(0, 1, 2), (0, 1, 2), (0, 1, 2)], [(0, 0, 0), (0, 0, 0), (0, 0, 0)]}
{[(0, 0, 0), (0, 0, 0), (0, 0, 0)], [(0, 0, 0), (0, 0, 0), (0, 0, 0)], [(0, 1, 1), (0, 1, 1), (0, 1, 2)], [(0, 0, 0), (0, 0, 0), (0, 0, 0)]}
{[(0, 0, 0), (0, 0, 0), (0, 0, 0)], [(0, 0, 0), (0, 0, 0), (0, 0, 0)], [(0, 1, 1), (0, 1, 1), (0, 1, 2)], [(0, 0, 0), (0, 0, 0), (0, 0, 0)]}
{[(0, 0, 0), (0, 0, 0), (0, 0, 0)], [(0, 0, 0), (0, 0, 0), (0, 0, 0)], [(0, 1, 1), (0, 1, 1), (0, 1, 2)], [(0, 0, 0), (0, 0, 0), (0, 0, 0)]}
{[(0, 0, 0), (0, 0, 0), (0, 0, 0)], [(0, 0, 0), (0, 0, 0), (0, 0, 0)], [(0, 1, 1), (0, 1, 1), (0, 1, 2)], [(0, 0, 0), (0, 0, 0), (0, 0, 0)]}
{[(0, 0, 0), (0, 0, 0), (0, 0, 0)], [(0, 0, 0), (0, 0, 0), (0, 0, 0)], [(0, 1, 1), (0, 1, 0), (0, 1, 1)], [(0, 0, 0), (0, 0, 0), (0, 0, 0)]}
