[[0 0 0 0]
 [0 0 0 0]
 [0 0 0 0]
 [0 0 0 0]
 [0 0 1 0]
 [0 0 1 0]
 [0 0 0 0]
 [0 0 0 0]
 [0 0 0 1]
 [0 0 0 1]
 [0 0 0 1]
 [0 0 0 0]
 [0 0 0 0]
 [0 0 0 0]
 [0 0 0 0]
 [0 0 0 0]
 [0 0 0 0]
 [0 0 1 0]
 [0 0 1 0]
 [0 0 0 0]
 [1 0 0 0]
 [1 0 0 0]
 [1 0 0 0]
 [1 0 0 0]
 [1 0 0 0]
 [1 0 0 0]
 [1 0 0 0]
 [1 0 0 0]
 [0 0 0 0]
 [0 1 0 0]
 [0 1 0 0]
 [0 1 0 0]
 [0 1 0 0]
 [0 1 0 0]
 [0 1 0 0]
 [0 0 0 0]
 [0 0 0 0]
 [0 0 0 0]
 [0 0 0 0]
 [0 0 0 0]
 [0 0 0 0]
 [0 0 0 0]
 [0 0 0 0]
 [0 0 0 0]
 [2 0 0 0]
 [2 0 0 0]
 [2 0 0 0]
 [2 0 0 0]
 [2 0 0 0]
 [2 0 0 0]
 [0 0 0 0]
 [0 0 0 0]
 [0 0 0 0]
 [0 0 0 0]
 [0 0 0 0]
 [0 0 0 0]
 [0 0 0 0]
 [0 0 0 0]
 [0 0 0 0]
 [0 0 0 0]
 [0 0 0 0]
 [0 0 0 0]
 [0 1 0 0]
 [0 0 0 0]
 [0 0 0 0]
 [0 0 0 0]
 [0 0 0 0]
 [0 0 0 0]
 [0 0 0 0]
 [0 0 0 0]
 [0 0 0 0]
 [0 0 0 0]
 [0 0 0 0]
 [0 0 0 0]
 [0 0 0 0]
 [0 0 0 0]
 [0 0 0 0]
 [0 0 0 0]
 [0 0 0 0]
 [0 0 0 0]
 [0 0 0 0]
 [0 0 0 0]
 [0 0 0 0]
 [0 0 0 0]
 [0 0 0 0]
 [0 0 0 0]
 [0 0 0 0]
 [0 0 0 0]
 [0 0 0 0]
 [0 0 0 0]
 [0 0 0 0]
 [0 0 0 0]
 [0 0 0 0]
 [0 0 0 0]
 [0 0 0 0]
 [0 0 0 0]
 [0 0 0 0]
 [0 0 0 0]
 [0 0 0 0]
 [0 0 0 0]
 [0 0 0 0]
 [0 0 0 0]
 [0 0 0 0]
 [0 0 0 0]
 [0 0 0 0]
 [0 0 0 0]
 [0 0 0 0]
 [0 0 0 0]
 [0 0 0 0]
 [0 0 0 0]
 [0 0 0 0]
 [0 0 0 0]
 [0 0 0 0]
 [0 0 0 0]
 [0 0 0 0]
 [0 0 0 0]
 [0 0 0 0]
 [0 0 0 0]
 [0 0 0 0]
 [0 0 0 0]
 [0 0 0 0]
 [0 0 0 0]
 [0 0 0 0]
 [0 0 0 0]
 [0 0 0 0]
 [0 0 0 0]
 [0 0 0 0]
 [0 0 0 0]
 [0 0 0 0]
 [0 0 0 0]
 [0 0 0 0]
 [0 0 0 0]
 [0 0 0 0]
 [0 0 0 0]
 [0 0 0 0]
 [0 0 0 0]
 [0 0 0 0]
 [0 0 0 0]
 [0 0 0 0]
 [0 0 0 0]
 [0 0 0 0]
 [0 0 0 0]
 [0 0 0 0]
 [0 0 0 0]
 [0 0 0 0]
 [0 0 0 0]
 [0 0 0 0]
 [0 0 0 0]
 [0 0 0 0]
 [0 0 0 0]
 [0 0 0 0]
 [0 0 0 0]
 [0 0 0 0]
 [0 0 0 0]
 [0 0 0 0]
 [0 0 0 0]
 [0 0 0 0]
 [0 0 0 0]
 [0 0 0 0]
 [0 0 0 0]
 [0 0 0 0]
 [0 0 0 0]
 [0 0 0 0]
 [0 0 0 0]
 [0 0 0 0]
 [0 0 0 0]
 [0 0 0 0]
 [0 0 0 0]
 [0 0 0 0]
 [0 0 0 0]
 [0 0 0 0]
 [0 0 0 0]
 [0 0 0 0]
 [0 0 0 0]
 [0 0 0 0]
 [0 0 0 0]
 [0 0 0 0]
 [0 0 0 0]
 [0 0 0 0]
 [0 0 0 0]
 [0 0 0 0]
 [0 0 0 0]
 [0 0 0 0]
 [0 0 0 0]
 [0 0 0 0]
 [0 0 0 0]
 [0 0 0 0]
 [0 0 0 0]
 [0 0 0 0]
 [0 0 0 0]
 [0 0 0 0]
 [0 0 0 0]
 [0 0 0 0]
 [0 0 0 0]]
accuracy: 759 0.9780927835051546, error: 17 0.02190721649484536, omit: 0 0.0