[[0 0 0 0 0 0 0 0 0]
 [0 0 0 0 0 0 0 0 0]
 [0 0 0 0 0 0 0 0 0]
 [0 0 0 0 0 0 0 0 0]
 [0 0 0 0 0 0 0 0 0]
 [0 0 0 0 0 0 0 0 0]
 [0 0 0 0 0 0 0 0 0]
 [0 0 0 4 0 0 0 0 0]
 [0 0 0 4 0 0 0 0 0]
 [0 0 0 4 0 0 0 0 0]
 [0 0 0 4 0 0 0 0 0]
 [0 0 0 4 0 0 0 0 0]
 [0 0 0 4 0 0 0 0 0]
 [0 0 0 4 0 0 0 0 0]
 [0 0 0 4 0 0 0 0 0]
 [0 0 0 4 0 0 0 0 0]
 [0 0 0 4 0 0 0 0 0]
 [0 0 0 4 0 0 0 0 0]
 [0 0 0 4 0 0 0 0 0]
 [0 0 0 4 0 0 0 0 0]
 [0 0 0 4 0 0 0 0 0]
 [0 0 0 4 0 0 0 0 0]
 [0 0 0 4 0 0 0 0 0]
 [0 0 0 4 0 0 0 0 0]
 [0 0 0 4 0 0 0 0 0]
 [0 0 0 4 0 0 0 0 0]
 [0 0 0 4 0 0 0 0 0]
 [0 0 0 4 0 0 0 0 0]
 [0 0 0 4 0 0 0 0 0]
 [0 0 0 4 0 0 0 0 0]
 [0 0 0 4 0 0 0 0 0]
 [0 0 0 4 0 0 0 0 0]
 [0 0 0 4 0 0 0 0 0]
 [0 0 0 4 0 0 4 0 0]
 [0 0 0 4 0 0 4 0 0]
 [0 0 0 4 0 0 4 0 0]
 [0 0 0 4 0 0 4 0 0]
 [0 0 0 4 0 0 4 0 0]
 [0 0 0 4 0 0 4 0 0]
 [0 0 0 4 0 0 4 0 0]
 [0 0 0 4 0 0 4 0 0]
 [0 0 0 4 4 1 4 0 0]
 [0 0 0 4 4 0 4 0 0]
 [0 0 0 4 4 0 4 0 0]
 [0 0 0 4 4 0 4 0 0]
 [0 0 0 4 4 0 4 0 0]
 [0 0 4 4 4 0 4 0 0]
 [0 0 4 4 4 0 4 0 0]
 [0 0 4 4 4 0 4 0 0]
 [0 0 4 4 4 0 4 0 0]
 [0 0 4 4 4 0 4 0 0]
 [0 0 4 4 4 0 4 0 0]
 [0 0 4 4 4 0 4 0 0]
 [0 0 4 4 4 0 4 0 0]
 [0 0 4 4 4 0 4 0 0]
 [0 0 4 4 4 4 4 0 0]
 [0 0 4 4 4 4 4 0 0]
 [0 0 4 4 4 4 4 0 0]
 [4 0 4 4 4 4 4 0 0]
 [4 0 4 4 4 4 4 0 0]
 [4 0 4 4 4 4 4 0 0]
 [4 0 4 4 4 4 4 0 0]
 [4 4 4 4 4 4 4 0 0]
 [4 4 4 4 4 4 4 0 0]
 [4 4 4 4 4 4 4 0 0]
 [4 4 4 4 4 4 4 4 0]
 [4 4 4 4 4 4 4 4 0]
 [4 4 4 4 4 4 4 4 0]
 [4 4 4 4 4 4 4 4 0]
 [4 4 4 4 4 4 4 4 0]
 [4 4 4 4 4 4 4 4 0]
 [4 4 4 4 4 4 4 4 0]
 [4 4 4 4 4 4 4 4 0]
 [4 4 4 4 4 4 4 4 0]
 [4 4 4 4 4 4 4 4 0]
 [4 4 4 4 4 4 4 4 0]
 [4 4 4 4 4 4 4 4 0]
 [4 4 4 4 4 4 4 4 0]
 [4 4 4 4 4 4 4 4 0]
 [4 4 4 4 4 4 4 4 0]
 [4 4 4 4 4 4 4 4 0]
 [4 4 4 4 4 4 4 4 0]
 [4 4 4 4 4 4 4 4 4]
 [4 4 4 4 4 4 4 4 4]
 [4 4 4 4 4 4 4 4 4]
 [4 4 4 4 4 4 4 4 4]
 [4 4 4 4 4 4 4 4 4]
 [4 4 4 4 4 4 4 4 4]
 [4 4 4 4 4 4 4 4 4]
 [4 4 4 4 4 4 4 4 4]
 [4 4 4 4 4 4 4 4 4]
 [4 4 4 4 4 4 4 4 4]
 [4 4 4 4 4 4 4 4 4]
 [4 4 4 4 4 4 4 4 4]
 [4 4 4 4 4 4 4 4 4]
 [4 4 4 4 4 4 4 4 4]
 [4 4 4 4 4 4 4 4 4]
 [0 0 0 0 0 0 0 0 0]
 [0 0 0 0 0 0 0 0 0]
 [0 0 0 0 0 0 0 0 0]
 [0 0 0 0 0 0 0 0 0]
 [0 0 0 0 0 0 0 0 0]
 [0 0 0 0 0 0 0 0 0]
 [0 0 0 0 0 0 0 0 0]
 [0 0 0 0 0 0 0 0 0]
 [0 0 0 0 0 0 0 0 0]
 [0 0 0 0 0 0 0 0 0]
 [0 0 0 0 0 0 0 0 0]
 [0 0 0 0 0 0 0 0 0]
 [0 0 0 0 0 0 0 0 0]
 [0 0 0 0 0 0 0 0 0]
 [0 0 0 0 0 0 0 0 0]
 [0 0 0 0 0 0 0 0 0]
 [0 0 0 0 0 0 0 0 0]
 [0 0 0 0 0 0 0 0 0]
 [0 0 0 0 0 0 0 0 0]
 [0 0 0 0 0 0 0 0 0]
 [0 0 0 0 0 0 0 0 0]
 [0 0 0 0 0 0 0 0 0]
 [0 0 0 0 0 0 0 0 0]
 [0 0 0 0 0 0 0 0 0]
 [0 0 0 0 0 0 0 0 0]
 [0 0 0 0 0 0 0 0 0]
 [0 0 0 0 0 0 0 0 0]
 [0 0 0 0 0 0 0 0 0]
 [0 0 0 0 0 0 0 0 0]
 [0 0 0 0 0 0 0 0 0]
 [0 0 0 0 0 0 0 0 0]
 [0 0 0 0 0 0 0 0 0]
 [0 0 0 0 0 0 0 0 0]
 [0 0 0 0 0 0 0 0 0]
 [0 0 0 0 0 0 0 0 0]
 [0 0 0 0 0 0 0 0 0]
 [0 0 0 0 0 0 0 0 0]
 [0 0 0 0 0 0 0 0 0]
 [0 0 0 0 0 0 0 0 0]
 [0 0 0 0 0 0 0 0 0]
 [0 0 0 0 0 0 0 0 0]
 [0 0 0 0 0 0 0 0 0]
 [0 0 0 0 0 0 0 0 0]
 [0 0 0 0 0 0 0 0 0]
 [0 0 0 0 0 0 0 0 0]
 [0 0 0 0 0 0 0 0 0]
 [0 0 0 0 0 0 0 0 0]
 [0 0 0 0 0 0 0 0 0]
 [0 0 0 0 0 0 0 0 0]
 [0 0 0 0 0 0 0 0 0]
 [0 0 0 0 0 0 0 0 0]
 [0 0 0 0 0 0 0 0 0]
 [0 0 0 0 0 0 0 0 0]
 [0 0 0 0 0 0 0 0 0]
 [0 0 0 0 0 0 0 0 0]
 [0 0 0 0 0 0 0 0 0]
 [0 0 0 0 0 0 0 0 0]
 [0 0 0 0 0 0 0 0 0]
 [0 0 0 0 0 0 0 0 0]
 [0 0 0 0 0 0 0 0 0]
 [0 0 0 0 0 0 0 0 0]
 [0 0 0 0 0 0 0 0 0]
 [0 0 0 0 0 0 0 0 0]
 [0 0 0 0 0 0 0 0 0]
 [0 0 0 0 0 0 0 0 0]
 [0 0 0 0 0 0 0 0 0]
 [0 0 0 0 0 0 0 0 0]
 [0 0 0 0 0 0 0 0 0]
 [0 0 0 0 0 0 0 0 0]
 [0 0 0 0 0 0 0 0 0]
 [0 0 0 0 0 0 0 0 0]
 [0 0 0 0 0 0 0 0 0]
 [0 0 0 0 0 0 0 0 0]
 [0 0 0 0 0 0 0 0 0]
 [0 0 0 0 0 0 0 0 0]
 [0 0 0 0 0 0 0 0 0]
 [0 0 0 0 0 0 0 0 0]
 [0 0 0 0 0 0 0 0 0]
 [0 0 0 0 0 0 0 0 0]
 [0 0 0 0 0 0 0 0 0]
 [0 0 0 0 0 0 0 0 0]
 [0 0 0 0 0 0 0 0 0]
 [0 0 0 0 0 0 0 0 0]
 [0 0 0 0 0 0 0 0 0]
 [0 0 0 0 0 0 0 0 0]
 [0 0 0 0 0 0 0 0 0]
 [0 0 0 0 0 0 0 0 0]
 [0 0 0 0 0 0 0 0 0]
 [0 0 0 0 0 0 0 0 0]
 [0 0 0 0 0 0 0 0 0]
 [0 0 0 0 0 0 0 0 0]
 [0 0 0 0 0 0 0 0 0]
 [0 0 0 0 0 0 0 0 0]
 [0 0 0 0 0 0 0 0 0]
 [0 0 0 0 0 0 0 0 0]
 [0 0 0 0 0 0 0 0 0]
 [0 0 0 0 0 0 0 0 0]]
accuracy: 0.9868270332187858, error: 0.000572737686139748, omit: 0.049217002237136466